# oST version 5.0 parameters


[image]

width
320

height
240

[narrow_stereo]

camera matrix
243.250251 0.000000 162.955693
0.000000 242.606363 124.148167
0.000000 0.000000 1.000000

distortion
-0.430075 0.162267 -0.004100 0.002518 0.000000

rectification
1.000000 0.000000 0.000000
0.000000 1.000000 0.000000
0.000000 0.000000 1.000000

projection
188.356461 0.000000 166.650895 0.000000
0.000000 213.624893 124.190239 0.000000
0.000000 0.000000 1.000000 0.000000
